MVA	input_study	expected_rgs	expected_h2	rg	Total.Observed.scale.h2	Intercept
101	GCST90038597	0.917430653	0.044449173	0.9166	0.0456	1.061
101	GCST90038619	0.978501099	0.044449173	0.982	0.0456	1.061
101	GCST90038624	0.957705022	0.044449173	0.9629	0.0456	1.061
101	GCST90038691	0.966039263	0.044449173	0.9701	0.0456	1.061
101	NEALE2_20002_1138	1.011080958	0.044449173	1.0362	0.0456	1.061
101	NEALE2_20002_1474	1.025129964	0.044449173	1.0918	0.0456	1.061
101	NEALE2_20003_1140864752	0.987866258	0.044449173	0.9971	0.0456	1.061
101	NEALE2_6154_5	0.965304971	0.044449173	0.9678	0.0456	1.061
101	SAIGE_530_1	0.973681845	0.044449173	0.9719	0.0456	1.061
101	SAIGE_550_2	0.965596026	0.044449173	0.9613	0.0456	1.061
102	GCST90038641	0.971319571	0.075130876	0.975	0.0751	1.0432
102	GCST90038650	0.971067362	0.075130876	0.9783	0.0751	1.0432
102	NEALE2_20002_1286	0.976930814	0.075130876	0.9885	0.0751	1.0432
102	NEALE2_20425	0.987222366	0.075130876	0.9862	0.0751	1.0432
102	NEALE2_20549_3	0.997605095	0.075130876	0.9997	0.0751	1.0432
102	NEALE2_20550_1	0.983131398	0.075130876	0.9847	0.0751	1.0432
104	GCST003770	0.98213742	0.154995969	1.0137	0.1995	1.1476
104	GCST005232	0.998798955	0.154995969	0.9768	0.1995	1.1476
104	GCST005327	1.003034303	0.154995969	1.0347	0.1995	1.1476
104	GCST006940	0.986102427	0.154995969	0.9692	0.1995	1.1476
104	NEALE2_20127_raw	0.996611273	0.154995969	0.9744	0.1995	1.1476
105	GCST003839	-0.988363329	0.092414649	-1.0032	0.0943	1.0733
105	GCST006686	0.966676542	0.092414649	0.9611	0.0943	1.0733
105	NEALE2_1160	-1.000950854	0.092414649	-1.0113	0.0943	1.0733
106	NEALE2_6143_4	0.989487073	0.041506088	0.9905	0.0416	1.0484
106	NEALE2_6162_4	0.983614027	0.041506088	0.9829	0.0416	1.0484
108	GCST005811	1.000363132	0.052579824	1.0067	0.0592	1.0451
108	GCST90038686	0.998055321	0.052579824	0.9457	0.0592	1.0451
108	NEALE2_20002_1465	0.998553291	0.052579824	0.9969	0.0592	1.0451
11	NEALE2_6146_100	-1.00016352	0.034258589	-1.0001	0.0342	1.0437
11	NEALE2_6146_2	0.988627487	0.034258589	0.9888	0.0342	1.0437
11	NEALE2_6146_3	0.98271509	0.034258589	0.9828	0.0342	1.0437
110	GCST003498	0.987737857	0.339729442	1.0079	0.3418	1.0555
110	GCST004364	-0.960509492	0.339729442	-0.9509	0.3418	1.0555
110	GCST006250	1.00812785	0.339729442	1.0159	0.3418	1.0555
110	GCST006572	0.994763677	0.339729442	0.9968	0.3418	1.0555
110	NEALE2_20016_raw	0.996773325	0.339729442	1.0057	0.3418	1.0555
110	NEALE2_4990	0.914557006	0.339729442	0.9077	0.3418	1.0555
111	GCST90002396	0.997542994	0.348656022	1.0003	0.41	1.278
111	GCST90025975	0.999735657	0.348656022	0.9996	0.41	1.278
111	NEALE2_30260_raw	0.999033353	0.348656022	1.0011	0.41	1.278
113	GCST004608	-0.968483192	0.267525172	-0.9644	0.2655	1.1537
113	GCST004609	0.996317499	0.267525172	0.997	0.2655	1.1537
113	GCST90002394	0.997664543	0.267525172	0.9986	0.2655	1.1537
113	NEALE2_30190_raw	0.994107606	0.267525172	0.9942	0.2655	1.1537
115	NEALE2_20490	0.97520584	0.045551487	0.2627	0.0032	0.897
115	NEALE2_20531	0.988859225	0.045551487	-0.1152	0.0032	0.897
120	GCST004601	1.001994595	0.3502911	1.01	0.4639	1.3195
120	GCST90002363	0.996880058	0.3502911	0.9978	0.4639	1.3195
120	GCST90002403	0.998038123	0.3502911	1.0006	0.4639	1.3195
120	GCST90025964	0.999522202	0.3502911	1.0012	0.4639	1.3195
120	NEALE2_30010_raw	0.992134681	0.3502911	0.9951	0.4639	1.3195
121	GCST000759	0.984793119	0.287078569	1.0039	0.2767	0.9241
121	GCST000760	0.968414893	0.287078569	0.9914	0.2767	0.9241
121	GCST90002412	0.96784212	0.287078569	0.9625	0.2767	0.9241
122	FINNGEN_R6_M13_SPINSTENOSIS	0.981484514	0.046310116	0.9866	0.0471	1.037
122	FINNGEN_R6_M13_SPONDYLOPATHY	1.01256493	0.046310116	1.0357	0.0471	1.037
122	SAIGE_720	0.966188981	0.046310116	0.9924	0.0471	1.037
122	SAIGE_721	0.969363394	0.046310116	0.9985	0.0471	1.037
122	SAIGE_722	1.008928591	0.046310116	1.0745	0.0471	1.037
122	SAIGE_760	0.957028061	0.046310116	0.9522	0.0471	1.037
123	FINNGEN_R6_COX_ARTHROSIS	1.014107633	0.050474817	1.0171	0.0504	1.0272
123	FINNGEN_R6_M13_ARTHTROSIS_COX	1.009911243	0.050474817	1.0191	0.0504	1.0272
123	FINNGEN_R6_M13_ARTHTROSIS_COX_PRIM_ICD10	0.998743498	0.050474817	0.9928	0.0504	1.0272
123	GCST007091	0.958963472	0.050474817	0.9526	0.0504	1.0272
123	SAIGE_740	0.9532394	0.050474817	0.957	0.0504	1.0272
123	SAIGE_740_1	0.982332083	0.050474817	1.0203	0.0504	1.0272
124	GCST004627	0.99949151	0.299986079	0.9976	0.3798	1.284
124	GCST90002316	0.994927406	0.299986079	0.9937	0.3798	1.284
124	GCST90002388	0.998890256	0.299986079	0.9979	0.3798	1.284
124	GCST90025984	1.000308513	0.299986079	1.0021	0.3798	1.284
124	NEALE2_30120_raw	0.963210093	0.299986079	0.975	0.3798	1.284
127	GCST011494	0.999798751	0.087704852	0.9998	0.0873	1.0539
127	NEALE2_1190	0.999801205	0.087704852	0.9999	0.0873	1.0539
129	SAIGE_599	0.970030515	0.011887672	0.2187	0.0013	0.7815
129	SAIGE_599_4	0.989679434	0.011887672	-0.1524	0.0013	0.7815
13	NEALE2_20499	0.999516784	0.084983444	0.9976	0.0846	1.0417
13	NEALE2_20547_1	0.988502824	0.084983444	0.9894	0.0846	1.0417
13	NEALE2_2100	0.950011671	0.084983444	0.9529	0.0846	1.0417
130	NEALE2_20003_1140871310	0.999251609	0.019597956	0.9993	0.0196	1.0176
130	NEALE2_6154_2	0.999575297	0.019597956	0.9996	0.0196	1.0176
132	GCST90000025	0.999572869	0.510935346	0.9999	0.4985	1.412
132	GCST90000026	0.980570189	0.510935346	0.9797	0.4985	1.412
132	GCST90000027	0.984599026	0.510935346	0.984	0.4985	1.412
133	GCST90007526	0.990854941	0.056713028	0.989	0.057	1.0745
133	GCST90007527	0.999177295	0.056713028	1.0003	0.057	1.0745
133	GCST90007529	1.001760657	0.056713028	1.0047	0.057	1.0745
133	GCST90007530	0.99400393	0.056713028	0.9964	0.057	1.0745
134	FINNGEN_R6_E4_NUTRIDEF	1.016077138	0.331516223	1.0791	0.3541	0.9492
134	FINNGEN_R6_E4_OBESITY	1.014800535	0.331516223	1.0474	0.3541	0.9492
134	FINNGEN_R6_E4_OBESITY_HYPER	1.01374601	0.331516223	1.045	0.3541	0.9492
134	GCST002783	0.963896847	0.331516223	0.9695	0.3541	0.9492
134	GCST90025994	0.996733853	0.331516223	0.992	0.3541	0.9492
134	NEALE2_20536_1	0.841058206	0.331516223	0.8671	0.3541	0.9492
134	NEALE2_21001_raw	0.99643019	0.331516223	0.9983	0.3541	0.9492
134	NEALE2_23104_raw	0.996021172	0.331516223	0.9968	0.3541	0.9492
134	SAIGE_278	0.937444504	0.331516223	0.9515	0.3541	0.9492
134	SAIGE_278_1	0.941532928	0.331516223	0.9579	0.3541	0.9492
137	GCST004600	0.995676129	0.235022907	0.9952	0.2327	1.1112
137	GCST004617	0.994273998	0.235022907	0.9938	0.2327	1.1112
137	GCST004623	-0.984656461	0.235022907	-0.9844	0.2327	1.1112
137	GCST90002382	0.994291271	0.235022907	0.9901	0.2327	1.1112
137	NEALE2_30210_raw	0.985324649	0.235022907	0.9843	0.2327	1.1112
139	FINNGEN_R6_FG_DISVEINLYMPH	0.973733345	0.058969377	0.9437	0.0611	1.1201
139	FINNGEN_R6_I9_DISVEINLYMPH	0.999664982	0.058969377	1.0386	0.0611	1.1201
139	FINNGEN_R6_I9_VARICVE	0.990122959	0.058969377	1.0387	0.0611	1.1201
139	SAIGE_454	0.996501802	0.058969377	1.0386	0.0611	1.1201
139	SAIGE_454_1	1.000706914	0.058969377	1.0529	0.0611	1.1201
141	GCST90007528	0.95708741	0.140464841	0.9649	0.1414	1.0856
141	NEALE2_46_raw	-0.994307519	0.140464841	-0.9933	0.1414	1.0856
141	NEALE2_47_raw	-0.993427711	0.140464841	-0.9929	0.1414	1.0856
145	SAIGE_594	0.995866037	0.013279115	-0.0777	0.0003	0.8332
145	SAIGE_594_1	0.991212857	0.013279115	0.1847	0.0003	0.8332
149	NEALE2_20508	0.988335513	0.052414833	0.1461	0.0028	0.8853
149	NEALE2_20514	0.988580631	0.052414833	-0.1452	0.0028	0.8853
150	GCST90000048	0.978024603	0.146202582	0.9766	0.1465	1.0814
150	GCST90000050	0.976434838	0.146202582	0.9739	0.1465	1.0814
150	NEALE2_2754_raw	0.989435164	0.146202582	0.9906	0.1465	1.0814
150	NEALE2_2764_raw	0.96103441	0.146202582	0.9625	0.1465	1.0814
153	FINNGEN_R6_MIGRAINE_TRIPTAN	1	0.069812311	1.0022	0.0701	0.9906
153	NEALE2_3799	1	0.069812311	1.0011	0.0701	0.9906
157	NEALE2_102_raw	1	0.181275546	1.002	0.1817	1.0848
157	NEALE2_4194_raw	1	0.181275546	1.0014	0.1817	1.0848
16	GCST90000292	0.991312127	0.263280919	0.9906	0.2623	1.0535
16	GCST90000293	0.997648089	0.263280919	0.9977	0.2623	1.0535
16	GCST90000294	0.977967748	0.263280919	0.9776	0.2623	1.0535
160	NEALE2_20150_raw	0.977789854	0.222844734	0.9778	0.2209	1.205
160	NEALE2_20151_raw	0.981440845	0.222844734	0.9815	0.2209	1.205
160	NEALE2_3062_raw	0.979464973	0.222844734	0.9794	0.2209	1.205
160	NEALE2_3063_raw	0.980590294	0.222844734	0.9805	0.2209	1.205
161	NEALE2_6159_100	-0.987212192	0.058895217	0.1632	0.0061	0.947
161	NEALE2_6159_3	0.963049024	0.058895217	0.2697	0.0061	0.947
163	GCST90025968	0.978558685	0.295495344	0.9896	0.3343	1.0772
163	NEALE2_4080_raw	1.005587513	0.295495344	1.0197	0.3343	1.0772
163	NEALE2_93_raw	0.956766543	0.295495344	0.9951	0.3343	1.0772
164	GCST90002397	0.997422873	0.401853993	1.0009	0.4801	1.3284
164	GCST90025976	1.000937116	0.401853993	1.0005	0.4801	1.3284
164	NEALE2_30270_raw	0.992766656	0.401853993	0.9958	0.4801	1.3284
166	NEALE2_6143_1	0.97781942	0.038342049	0.1771	0.0036	0.9118
166	NEALE2_6143_3	-0.985771534	0.038342049	0.203	0.0036	0.9118
169	GCST90013405	0.974033248	0.176738011	0.7004	0.0879	0.6864
169	GCST90025979	0.992050763	0.176738011	0.4057	0.0879	0.6864
17	FINNGEN_R6_E4_DM2NASCOMP	1.020352928	0.197798878	1.0038	0.2057	0.9346
17	FINNGEN_R6_T2D_WIDE	1.021576942	0.197798878	1.0332	0.2057	0.9346
17	GCST005047	0.98253724	0.197798878	0.9628	0.2057	0.9346
17	GCST005413	0.981879779	0.197798878	0.9446	0.2057	0.9346
17	GCST006867	0.978076976	0.197798878	0.9865	0.2057	0.9346
17	NEALE2_20003_1140874744	1.01435269	0.197798878	1.0887	0.2057	0.9346
17	NEALE2_20107_9	0.901932149	0.197798878	0.8799	0.2057	0.9346
17	NEALE2_20110_9	0.952477193	0.197798878	0.9744	0.2057	0.9346
17	NEALE2_20111_9	0.890606933	0.197798878	0.8752	0.2057	0.9346
17	NEALE2_2443	0.963917016	0.197798878	0.9896	0.2057	0.9346
177	NEALE2_5084_raw	1.000148279	0.273300436	1.0014	0.2735	1.0783
177	NEALE2_5085_raw	0.999587477	0.273300436	1.0007	0.2735	1.0783
177	NEALE2_6147_1	-0.933597903	0.273300436	-0.9331	0.2735	1.0783
18	FINNGEN_R6_FG_CEREBVASC	0.993724069	0.076651168	0.9909	0.0806	1.2378
18	FINNGEN_R6_FG_CVD	1.002780272	0.076651168	1.0488	0.0806	1.2378
18	FINNGEN_R6_FG_DOAAC	0.980911081	0.076651168	0.9659	0.0806	1.2378
18	FINNGEN_R6_FG_HYPERTENSION	0.992424066	0.076651168	1.0132	0.0806	1.2378
18	FINNGEN_R6_FG_OTHHEART	0.992679867	0.076651168	1.0039	0.0806	1.2378
18	FINNGEN_R6_I9_CVD	1.00330618	0.076651168	1.0368	0.0806	1.2378
18	FINNGEN_R6_I9_HEARTFAIL_AND_ANTIHYPERT	1.002205994	0.076651168	1.0562	0.0806	1.2378
18	FINNGEN_R6_I9_HEARTFAIL_AND_OVERWEIGHT	1.001786329	0.076651168	1.0404	0.0806	1.2378
18	FINNGEN_R6_I9_HYPTENSESS	0.998815791	0.076651168	1.0327	0.0806	1.2378
18	FINNGEN_R6_RX_ANTIHYP	0.999373682	0.076651168	1.0437	0.0806	1.2378
180	NEALE2_23107_raw	0.999290095	0.228111998	0.0449	0.0042	0.9169
180	NEALE2_23108_raw	0.999309349	0.228111998	-0.0223	0.0042	0.9169
181	NEALE2_24003_raw	0.994418135	0.015258065	-0.1076	0.0035	0.7725
181	NEALE2_24004_raw	0.992412447	0.015258065	0.1205	0.0035	0.7725
182	GCST90013410	0.995042982	0.033642503	0.9962	0.0331	1.079
182	SAIGE_172	0.984089658	0.033642503	0.9832	0.0331	1.079
182	SAIGE_172_2	0.998094747	0.033642503	0.9976	0.0331	1.079
189	FINNGEN_R6_M13_INTERVERTEB	0.997347233	0.039386784	0.9925	0.0387	1.0295
189	GCST90038653	0.983199677	0.039386784	0.9872	0.0387	1.0295
189	GCST90038697	0.998022896	0.039386784	1.048	0.0387	1.0295
19	NEALE2_5556	0.99441427	0.212985384	0.9925	0.211	0.9818
19	NEALE2_6138_2	0.995994477	0.212985384	0.9965	0.211	0.9818
19	NEALE2_6138_3	0.934363722	0.212985384	0.9385	0.211	0.9818
196	SAIGE_728	0.997291425	0.020033699	0.9974	0.0201	1.0104
196	SAIGE_728_7	1.00088684	0.020033699	1.0009	0.0201	1.0104
196	SAIGE_728_71	0.998252597	0.020033699	0.9982	0.0201	1.0104
2	NEALE2_5096_raw	0.992806791	0.416998767	0.9927	0.4163	1.1097
2	NEALE2_5097_raw	0.994822464	0.416998767	0.9948	0.4163	1.1097
2	NEALE2_5098_raw	0.995578457	0.416998767	0.9955	0.4163	1.1097
2	NEALE2_5099_raw	0.993577205	0.416998767	0.9935	0.4163	1.1097
2	NEALE2_5132_raw	0.990508003	0.416998767	0.9906	0.4163	1.1097
2	NEALE2_5133_raw	0.996171955	0.416998767	0.9963	0.4163	1.1097
2	NEALE2_5134_raw	0.993816681	0.416998767	0.9939	0.4163	1.1097
2	NEALE2_5135_raw	0.990608696	0.416998767	0.9908	0.4163	1.1097
20	FINNGEN_R6_I9_HYPTENS	1.015413534	0.196046645	1.0665	0.1943	1.0622
20	NEALE2_20003_1140860696	0.990979139	0.196046645	0.9924	0.1943	1.0622
20	NEALE2_20003_1140860806	0.954505547	0.196046645	0.9584	0.1943	1.0622
20	NEALE2_20003_1140866738	1.010108677	0.196046645	1.0216	0.1943	1.0622
20	NEALE2_20003_1140879802	0.968392376	0.196046645	0.9667	0.1943	1.0622
20	NEALE2_20003_1141194794	0.974964091	0.196046645	0.9727	0.1943	1.0622
20	NEALE2_6150_4	0.987371041	0.196046645	0.9899	0.1943	1.0622
20	NEALE2_6153_2	0.985365345	0.196046645	0.9859	0.1943	1.0622
20	NEALE2_6177_2	0.979819288	0.196046645	0.9812	0.1943	1.0622
20	SAIGE_401_1	0.974870403	0.196046645	0.9696	0.1943	1.0622
204	GCST007431	0.999777136	0.294722776	0.7813	0.0143	0.8779
204	GCST90025978	0.99990847	0.294722776	0.76	0.0143	0.8779
205	GCST004772	1	0.432606914	1.1302	0.602	0.9652
205	GCST005345	-1	0.432606914	-1.1791	0.602	0.9652
206	GCST004603	1.001348462	0.469783622	1.0031	0.5956	1.3044
206	GCST90002357	0.996178212	0.469783622	0.9949	0.5956	1.3044
206	GCST90002402	0.998099774	0.469783622	0.9992	0.5956	1.3044
206	GCST90025951	0.999104088	0.469783622	1.0006	0.5956	1.3044
206	NEALE2_30080_raw	0.99108331	0.469783622	0.9927	0.5956	1.3044
207	FINNGEN_R6_HYPOTHY_LEVOTHY	0.992786001	0.118855197	0.9882	0.1154	1.0409
207	FINNGEN_R6_HYPOTHY_PURCHASE	0.992786001	0.118855197	0.9882	0.1154	1.0409
207	FINNGEN_R6_HYPOTHYROIDISM	0.991121168	0.118855197	0.987	0.1154	1.0409
207	GCST90038635	0.966717244	0.118855197	0.9702	0.1154	1.0409
207	GCST90038637	0.961443137	0.118855197	0.9628	0.1154	1.0409
207	NEALE2_20002_1226	1.00077719	0.118855197	1.0051	0.1154	1.0409
207	NEALE2_20003_1141191044	1.003870757	0.118855197	1.0022	0.1154	1.0409
207	SAIGE_244	1.002506009	0.118855197	1.0134	0.1154	1.0409
207	SAIGE_244_4	1.001778805	0.118855197	1.0095	0.1154	1.0409
209	GCST006945	0.998745377	0.053452938	0.9989	0.0535	1.0219
209	NEALE2_2030	0.998851998	0.053452938	0.9987	0.0535	1.0219
211	SAIGE_418	0.993018327	0.023956675	0.9938	0.0239	1.0108
211	SAIGE_459	0.9882579	0.023956675	0.9873	0.0239	1.0108
211	SAIGE_459_9	0.990972275	0.023956675	0.9904	0.0239	1.0108
212	NEALE2_24007_raw	0.998639697	0.023426383	1.0082	0.0235	1.1274
212	NEALE2_24016_raw	0.997848223	0.023426383	0.9984	0.0235	1.1274
212	NEALE2_24017_raw	0.992970868	0.023426383	0.9945	0.0235	1.1274
212	NEALE2_24018_raw	0.996880798	0.023426383	0.996	0.0235	1.1274
212	NEALE2_24019_raw	0.975113361	0.023426383	0.9737	0.0235	1.1274
213	NEALE2_5256_raw	0.984926534	0.182720365	-0.1896	0.0165	0.9383
213	NEALE2_5264_raw	0.978013865	0.182720365	0.2143	0.0165	0.9383
215	NEALE2_20479	0.995345825	0.076743418	-0.1018	0.0042	0.8903
215	NEALE2_20485	0.985716976	0.076743418	0.164	0.0042	0.8903
216	GCST004695	0.985914977	0.080282986	0.1377	0.0033	0.946
216	NEALE2_1200	0.992424999	0.080282986	-0.1423	0.0033	0.946
219	NEALE2_41231_1	0.992326567	0.025300356	0.9928	0.0253	1.0567
219	SAIGE_564_9	0.968378389	0.025300356	0.9683	0.0253	1.0567
222	GCST006475	0.983647318	0.087475301	0.9836	0.0875	1.068
222	GCST006947	0.99446451	0.087475301	0.9944	0.0875	1.068
222	NEALE2_1960	0.990385955	0.087475301	0.9902	0.0875	1.068
223	GCST003497	0.998953654	0.073351632	0.9969	0.0731	1.0403
223	NEALE2_399_raw	0.999412792	0.073351632	1.0018	0.0731	1.0403
224	SAIGE_960	1	0.011363904	1.0006	0.0114	1.0229
224	SAIGE_960_2	1	0.011363904	1.0006	0.0114	1.0229
229	GCST90038638	0.982300403	0.020777976	0.983	0.0211	1.0487
229	GCST90038646	0.989613416	0.020777976	1.0001	0.0211	1.0487
229	NEALE2_20002_1265	1.006263918	0.020777976	1.0202	0.0211	1.0487
23	GCST003496	0.993170448	0.290255554	0.9913	0.2862	1.024
23	NEALE2_22501_raw	0.990627406	0.290255554	0.9925	0.2862	1.024
23	NEALE2_6138_1	0.996543452	0.290255554	0.9965	0.2862	1.024
23	NEALE2_6138_100	-0.997565889	0.290255554	-0.9976	0.2862	1.024
23	NEALE2_6138_6	0.91867669	0.290255554	0.9181	0.2862	1.024
232	GCST004611	0.987865777	0.360972169	0.9802	0.4581	1.2358
232	GCST004612	0.970969027	0.360972169	0.9628	0.4581	1.2358
232	GCST004622	0.989835558	0.360972169	0.9851	0.4581	1.2358
232	GCST90002385	0.995831225	0.360972169	0.9954	0.4581	1.2358
232	GCST90002386	0.984695516	0.360972169	0.9839	0.4581	1.2358
232	GCST90002405	0.98345931	0.360972169	0.9845	0.4581	1.2358
232	GCST90002406	0.982397115	0.360972169	0.9824	0.4581	1.2358
232	GCST90025970	0.995636721	0.360972169	0.9939	0.4581	1.2358
232	GCST90025972	0.985185393	0.360972169	0.9832	0.4581	1.2358
236	NEALE2_20497	0.984013187	0.060396821	0.1808	0.008	0.8265
236	NEALE2_20498	0.985931038	0.060396821	-0.168	0.008	0.8265
237	GCST004625	1.000663693	0.367140177	0.9998	0.4438	1.2825
237	GCST90002340	0.996228492	0.367140177	0.9967	0.4438	1.2825
237	GCST90025950	0.999226979	0.367140177	0.9999	0.4438	1.2825
237	NEALE2_30130_raw	0.987070037	0.367140177	0.9922	0.4438	1.2825
238	GCST90025949	0.997209199	0.798455553	0.9947	0.9208	1.5217
238	NEALE2_1697	0.925011189	0.798455553	0.9333	0.9208	1.5217
238	NEALE2_20153_raw	0.991440514	0.798455553	0.9934	0.9208	1.5217
238	NEALE2_50_raw	0.997237889	0.798455553	0.9968	0.9208	1.5217
24	FINNGEN_R6_K11_HERING	1	0.048158226	0.9945	0.0469	1.0146
24	SAIGE_550_1	1	0.048158226	1.0122	0.0469	1.0146
242	GCST90014325	0.996507744	0.075585563	0.995	0.0739	1.1121
242	GCST90038596	0.994446011	0.075585563	0.9932	0.0739	1.1121
242	GCST90038616	1.000805703	0.075585563	1.0048	0.0739	1.1121
242	NEALE2_20002_1111	0.994677202	0.075585563	0.995	0.0739	1.1121
242	NEALE2_20003_1140861998	0.996938838	0.075585563	0.9983	0.0739	1.1121
242	NEALE2_22127	0.990215601	0.075585563	0.9934	0.0739	1.1121
242	NEALE2_6152_8	0.993037281	0.075585563	0.9935	0.0739	1.1121
244	NEALE2_1448_1	-0.993705817	0.063216133	0.1088	0.0053	0.8706
244	NEALE2_1448_3	0.990298881	0.063216133	0.1442	0.0053	0.8706
249	GCST006946	0.999762681	0.065790677	0.9998	0.0657	1.0361
249	NEALE2_2000	0.999786942	0.065790677	0.9996	0.0657	1.0361
25	GCST90000045	0.988405551	0.180131104	0.988	0.1791	1.1097
25	GCST90000047	0.985973608	0.180131104	0.9861	0.1791	1.1097
250	GCST004610	0.99929811	0.290050329	1.0036	0.3758	1.2856
250	GCST90002374	0.992076721	0.290050329	0.9913	0.3758	1.2856
250	GCST90002407	0.996007464	0.290050329	0.9987	0.3758	1.2856
250	GCST90025985	0.997591142	0.290050329	0.9961	0.3758	1.2856
250	NEALE2_30000_raw	0.95162753	0.290050329	0.9609	0.3758	1.2856
253	GCST004605	0.998444848	0.124723468	1.0056	0.1229	1.1398
253	GCST90002328	0.998012792	0.124723468	0.9999	0.1229	1.1398
253	GCST90002391	0.999290723	0.124723468	0.9984	0.1229	1.1398
253	NEALE2_30060_raw	0.985237216	0.124723468	0.9802	0.1229	1.1398
256	NEALE2_20126_0	-0.968681233	0.085859975	-0.9696	0.0858	1.0648
256	NEALE2_4598	0.98556791	0.085859975	0.9849	0.0858	1.0648
256	NEALE2_4631	0.981597096	0.085859975	0.981	0.0858	1.0648
258	GCST006952	0.998982626	0.058435282	0.999	0.0589	1.0117
258	NEALE2_1990	0.999065542	0.058435282	0.9988	0.0589	1.0117
26	FINNGEN_R6_E4_OBESITYCAL	0.97338633	0.236749529	0.9761	0.2358	1.1678
26	FINNGEN_R6_E4_OBESITYNAS	1.000844504	0.236749529	1.0091	0.2358	1.1678
26	NEALE2_23098_raw	0.955559703	0.236749529	0.9556	0.2358	1.1678
26	NEALE2_23100_raw	0.994949337	0.236749529	0.9948	0.2358	1.1678
26	NEALE2_23112_raw	0.98938693	0.236749529	0.9894	0.2358	1.1678
26	NEALE2_23116_raw	0.98983123	0.236749529	0.9898	0.2358	1.1678
26	NEALE2_23120_raw	0.989719959	0.236749529	0.99	0.2358	1.1678
26	NEALE2_23128_raw	0.979514309	0.236749529	0.9795	0.2358	1.1678
26	NEALE2_48_raw	0.965596171	0.236749529	0.9656	0.2358	1.1678
26	NEALE2_49_raw	0.959683589	0.236749529	0.9597	0.2358	1.1678
262	GCST006620	1	0.132542522	1.0031	0.1321	1.0595
262	NEALE2_2178	1	0.132542522	1.0022	0.1321	1.0595
264	NEALE2_5100_raw	-0.984695903	0.133928728	-0.985	0.1335	1.064
264	NEALE2_5103_raw	0.989469965	0.133928728	0.9884	0.1335	1.064
264	NEALE2_5104_raw	-0.974779748	0.133928728	-0.9775	0.1335	1.064
264	NEALE2_5107_raw	0.948459209	0.133928728	0.9527	0.1335	1.064
264	NEALE2_5112_raw	0.990192464	0.133928728	0.9892	0.1335	1.064
264	NEALE2_5115_raw	-0.982775528	0.133928728	-0.9831	0.1335	1.064
266	NEALE2_5101_raw	0.992687194	0.138492245	0.9968	0.14	1.065
266	NEALE2_5102_raw	-0.99727073	0.138492245	-1	0.14	1.065
266	NEALE2_5105_raw	0.904356123	0.138492245	0.8999	0.14	1.065
266	NEALE2_5106_raw	-0.968766511	0.138492245	-0.9653	0.14	1.065
266	NEALE2_5113_raw	-0.998889179	0.138492245	-1.003	0.14	1.065
266	NEALE2_5114_raw	0.99177432	0.138492245	0.9959	0.14	1.065
269	GCST90012790	0.988192442	0.104966114	0.9895	0.1048	1.0799
269	GCST90012792	0.96435479	0.104966114	0.963	0.1048	1.0799
269	NEALE2_110001	0.985212652	0.104966114	0.986	0.1048	1.0799
269	NEALE2_20077	0.976223598	0.104966114	0.9805	0.1048	1.0799
270	NEALE2_1249	-0.993550187	0.132953423	-0.9929	0.1325	1.0733
270	NEALE2_20116_0	-0.990055746	0.132953423	-0.9892	0.1325	1.0733
270	NEALE2_20160	0.971670252	0.132953423	0.9712	0.1325	1.0733
270	NEALE2_22506_113	0.994638078	0.132953423	0.9948	0.1325	1.0733
270	NEALE2_22506_114	-0.995703048	0.132953423	-0.9958	0.1325	1.0733
278	GCST004633	0.996252403	0.251373508	0.9842	0.2559	1.0729
278	GCST90002399	0.995569859	0.251373508	0.9854	0.2559	1.0729
278	GCST90014287	0.929214386	0.251373508	0.9626	0.2559	1.0729
278	NEALE2_30200_raw	0.993332088	0.251373508	0.984	0.2559	1.0729
28	FINNGEN_R6_G6_EPIPAROX	0.885764491	0.087894556	0.8661	0.0905	1.1337
28	FINNGEN_R6_J10_RESPIRATORY	0.942137809	0.087894556	0.9261	0.0905	1.1337
28	FINNGEN_R6_JOINTPAIN	0.993226512	0.087894556	1.0382	0.0905	1.1337
28	FINNGEN_R6_K11_GIDISEASES	0.95540614	0.087894556	0.9438	0.0905	1.1337
28	FINNGEN_R6_M13_DORSOPATHYOTH	0.972709938	0.087894556	0.9745	0.0905	1.1337
28	FINNGEN_R6_M13_MUSCULOSKELETAL	0.978797994	0.087894556	1.0141	0.0905	1.1337
28	FINNGEN_R6_PAIN	1.013877111	0.087894556	1.0761	0.0905	1.1337
28	FINNGEN_R6_R18_SYMPTOMS_SIGNS_INVOLVI_CIRCULATO_RESPI_SYSTEMS	0.998131553	0.087894556	1.0345	0.0905	1.1337
28	FINNGEN_R6_RX_PARACETAMOL_NSAID	1.015044633	0.087894556	1.0673	0.0905	1.1337
28	SAIGE_564	0.874614389	0.087894556	0.8545	0.0905	1.1337
282	GCST003499	1.001675332	0.096667633	1.0302	0.0988	1.0577
282	GCST006268	0.997195876	0.096667633	1.0029	0.0988	1.0577
282	NEALE2_20023_raw	0.998775395	0.096667633	1.0023	0.0988	1.0577
282	NEALE2_404_raw	0.995060289	0.096667633	0.9975	0.0988	1.0577
287	GCST006700	-0.98192744	0.033476854	-0.9813	0.0335	1.1191
287	GCST006701	0.988312305	0.033476854	0.9887	0.0335	1.1191
289	SAIGE_339	1	0.018363636	0.9954	0.0184	0.8609
289	SAIGE_785	1	0.018363636	1.0023	0.0184	0.8609
290	GCST006661	0.999568928	0.376241121	0.9983	0.3782	1.1515
290	NEALE2_2395_1	-0.98888947	0.376241121	-0.9897	0.3782	1.1515
290	NEALE2_2395_4	0.988679549	0.376241121	0.9904	0.3782	1.1515
296	GCST004158	0.995009423	0.120701452	0.9982	0.1204	0.992
296	NEALE2_20519	0.985805643	0.120701452	0.9824	0.1204	0.992
296	NEALE2_2080	0.998044503	0.120701452	1.0039	0.1204	0.992
299	GCST003769	0.992374565	0.139557523	0.9974	0.1521	1.0357
299	NEALE2_20507	0.97984749	0.139557523	0.9599	0.1521	1.0357
299	NEALE2_20510	0.945239499	0.139557523	0.9164	0.1521	1.0357
3	GCST004618	0.982822094	0.095705355	0.9806	0.1324	1.1437
3	GCST90002292	0.992135585	0.095705355	0.9909	0.1324	1.1437
3	GCST90002379	0.997727335	0.095705355	0.9941	0.1324	1.1437
3	GCST90025997	0.972114364	0.095705355	0.9691	0.1324	1.1437
3	NEALE2_30160	0.946786496	0.095705355	0.9504	0.1324	1.1437
30	GCST004606	0.997008329	0.297400709	0.9987	0.4005	1.201
30	GCST004624	0.992838842	0.297400709	0.9939	0.4005	1.201
30	GCST90002298	0.996798534	0.297400709	0.9968	0.4005	1.201
30	GCST90002381	0.997928165	0.297400709	0.9995	0.4005	1.201
30	GCST90025987	0.999889854	0.297400709	0.9977	0.4005	1.201
30	NEALE2_30150	0.980905193	0.297400709	0.9882	0.4005	1.201
305	NEALE2_30240_raw	0.98113102	0.12295113	0.9808	0.122	1.1494
305	NEALE2_30290_raw	0.992799459	0.12295113	0.9921	0.122	1.1494
305	NEALE2_30300_raw	0.99772956	0.12295113	0.9978	0.122	1.1494
308	GCST006906	0.993885333	0.013760004	0.9939	0.0139	1.0459
308	GCST006908	0.994424339	0.013760004	0.9945	0.0139	1.0459
31	NEALE2_20018	0.997929126	0.07283367	0.9981	0.0728	1.0486
31	NEALE2_4290_raw	0.989258289	0.07283367	0.9888	0.0728	1.0486
31	NEALE2_4291	0.992711017	0.07283367	0.9928	0.0728	1.0486
312	NEALE2_20403	0.990556573	0.075628694	0.1165	0.0059	0.8444
312	NEALE2_20416	0.991598792	0.075628694	-0.155	0.0059	0.8444
318	NEALE2_135	0.986488676	0.07414751	0.9862	0.074	1.0519
318	NEALE2_2492	0.97147606	0.07414751	0.972	0.074	1.0519
319	GCST001475	0.990020889	0.559010775	1.0154	0.5951	0.9247
319	GCST90002409	1.009508738	0.559010775	1.0754	0.5951	0.9247
319	NEALE2_1687	0.923763459	0.559010775	0.892	0.5951	0.9247
320	NEALE2_4968	0.956346477	0.234496706	0.9599	0.2327	1.0019
320	NEALE2_5012	0.974021033	0.234496706	0.9726	0.2327	1.0019
320	NEALE2_5699	0.996113013	0.234496706	0.9965	0.2327	1.0019
322	GCST005186	0.97680285	0.199120535	0.582	0.0175	1.0582
322	GCST90025986	0.982108359	0.199120535	0.1994	0.0175	1.0582
324	GCST004616	0.989805762	0.294111594	0.9887	0.2747	1.2179
324	GCST90002401	0.99351488	0.294111594	0.9921	0.2747	1.2179
324	NEALE2_30110_raw	0.997084232	0.294111594	0.998	0.2747	1.2179
329	GCST006098	0.989594458	0.053130976	0.99	0.0529	1.0671
329	NEALE2_904	0.976177086	0.053130976	0.9757	0.0529	1.0671
33	GCST009979	0.998913477	0.109017099	0.999	0.1096	1.0545
33	NEALE2_20441	0.988494361	0.109017099	0.9904	0.1096	1.0545
33	NEALE2_20500	0.985237563	0.109017099	0.9849	0.1096	1.0545
334	NEALE2_2050	0.989213307	0.050312177	0.989	0.0502	1.0445
334	NEALE2_2060	0.986462149	0.050312177	0.9866	0.0502	1.0445
344	NEALE2_20421	0.982959055	0.081761932	0.9828	0.0815	1.0264
344	NEALE2_20446	0.983809556	0.081761932	0.9839	0.0815	1.0264
347	GCST006696	1.000280203	0.067375532	0.9951	0.0684	1.147
347	GCST006697	0.984364447	0.067375532	0.979	0.0684	1.147
347	GCST006698	-1.001819479	0.067375532	-1.0142	0.0684	1.147
347	GCST006699	-0.993849713	0.067375532	-0.9941	0.0684	1.147
347	GCST006702	-0.993295834	0.067375532	-1.0086	0.0684	1.147
348	NEALE2_20111_100	0.985848873	0.043438767	0.9861	0.0434	1.0458
348	NEALE2_20111_8	-0.984775812	0.043438767	-0.9845	0.0434	1.0458
349	GCST006478	0.981116192	0.085557492	0.9812	0.0854	1.0593
349	GCST006948	0.990758309	0.085557492	0.9916	0.0854	1.0593
349	NEALE2_1970	0.987750519	0.085557492	0.9868	0.0854	1.0593
35	NEALE2_23099_raw	0.994940272	0.230454053	0.9949	0.2286	1.1927
35	NEALE2_23111_raw	0.974052548	0.230454053	0.974	0.2286	1.1927
35	NEALE2_23115_raw	0.975251276	0.230454053	0.9752	0.2286	1.1927
35	NEALE2_23119_raw	0.98095404	0.230454053	0.981	0.2286	1.1927
35	NEALE2_23123_raw	0.981180498	0.230454053	0.9812	0.2286	1.1927
35	NEALE2_23127_raw	0.971275703	0.230454053	0.9713	0.2286	1.1927
352	NEALE2_136	0.989075254	0.045539314	-0.1343	0.0039	0.9305
352	NEALE2_2415	0.971283762	0.045539314	0.2598	0.0039	0.9305
353	GCST90000529	0.997684935	0.367453235	0.9981	0.368	1.0328
353	GCST90013791	0.865337091	0.367453235	0.8625	0.368	1.0328
353	GCST90014023	1.009737415	0.367453235	1.0458	0.368	1.0328
354	NEALE2_1558	0.986415367	0.115548065	0.1931	0.0064	0.9466
354	NEALE2_20414	-0.988046019	0.115548065	0.1372	0.0064	0.9466
363	GCST006097	0.981027186	0.05241889	-0.1875	0.0082	0.8677
363	NEALE2_884	0.974604754	0.05241889	0.2323	0.0082	0.8677
367	GCST004599	0.996038806	0.644066501	1.0043	0.7647	1.3173
367	GCST90002346	1.000270293	0.644066501	1.0011	0.7647	1.3173
367	GCST90002395	1.000366245	0.644066501	1.0009	0.7647	1.3173
367	GCST90025960	0.99880262	0.644066501	1.0024	0.7647	1.3173
367	NEALE2_30100_raw	0.996481268	0.644066501	0.9974	0.7647	1.3173
368	GCST003837	0.999153323	0.150809889	0.0242	0.0011	0.9586
368	NEALE2_1180	-0.999340292	0.150809889	0.0705	0.0011	0.9586
370	NEALE2_22606_2	0.996164302	0.096925117	0.9937	0.0981	1.0289
370	NEALE2_22609_2	0.979411998	0.096925117	0.9833	0.0981	1.0289
370	NEALE2_4825	0.981752413	0.096925117	0.9861	0.0981	1.0289
38	GCST004613	0.99906447	0.248092687	0.9995	0.3467	1.0707
38	GCST004614	0.998794751	0.248092687	0.9992	0.3467	1.0707
38	GCST004620	0.998603459	0.248092687	0.9988	0.3467	1.0707
38	GCST004626	0.994842494	0.248092687	0.9944	0.3467	1.0707
38	GCST004629	0.998541782	0.248092687	0.9989	0.3467	1.0707
38	GCST90002351	0.995510801	0.248092687	0.9953	0.3467	1.0707
38	GCST90002398	0.998755038	0.248092687	1.0055	0.3467	1.0707
38	GCST90025977	0.997979455	0.248092687	1.0002	0.3467	1.0707
38	NEALE2_30140_raw	0.961371933	0.248092687	0.9736	0.3467	1.0707
380	GCST006951	0.998820332	0.064450542	0.999	0.0643	1.0352
380	NEALE2_1950	0.998877983	0.064450542	0.9986	0.0643	1.0352
386	NEALE2_20459	0.984079879	0.129186162	0.9832	0.1289	0.9933
386	NEALE2_4548	0.986892653	0.129186162	0.9877	0.1289	0.9933
390	FINNGEN_R6_M13_ROTATORCUFF	1.001342059	0.033917424	1.0295	0.0354	1.0287
390	FINNGEN_R6_M13_SHOULDER	1.001342059	0.033917424	1.0146	0.0354	1.0287
390	SAIGE_726	0.995466032	0.033917424	1.0367	0.0354	1.0287
390	SAIGE_726_1	0.992680057	0.033917424	1.0163	0.0354	1.0287
394	GCST007432	0.994464458	0.257257373	0.9947	0.2567	1.078
394	NEALE2_20154_raw	0.993997576	0.257257373	0.9936	0.2567	1.078
396	NEALE2_1707_1	-0.990857955	0.010235433	-0.9909	0.0102	1.0208
396	NEALE2_1707_2	0.992579179	0.010235433	0.9926	0.0102	1.0208
397	GCST004607	1.001116872	0.333501454	1.003	0.326	1.2534
397	GCST90002400	0.997076063	0.333501454	1.0004	0.326	1.2534
397	NEALE2_30090_raw	0.993935102	0.333501454	0.9931	0.326	1.2534
4	GCST004628	0.990023066	0.241187598	0.9824	0.2979	1.1744
4	GCST90002387	0.993248888	0.241187598	0.994	0.2979	1.1744
4	GCST90025971	0.99905505	0.241187598	0.9961	0.2979	1.1744
4	NEALE2_30280_raw	0.941333085	0.241187598	0.9516	0.2979	1.1744
40	GCST006288	0.999402976	0.580428356	1.0016	0.6517	1.1954
40	GCST006979	0.99865576	0.580428356	0.9916	0.6517	1.1954
40	GCST90025982	0.981278659	0.580428356	0.9876	0.6517	1.1954
40	NEALE2_3144_raw	0.986426331	0.580428356	0.9715	0.6517	1.1954
40	NEALE2_3147_raw	1.001190666	0.580428356	0.9915	0.6517	1.1954
40	NEALE2_3148_raw	1.000983653	0.580428356	0.9911	0.6517	1.1954
40	NEALE2_4105_raw	0.990687638	0.580428356	0.9739	0.6517	1.1954
40	NEALE2_4120_raw	0.988024366	0.580428356	0.977	0.6517	1.1954
40	NEALE2_4123_raw	0.999504318	0.580428356	0.989	0.6517	1.1954
40	NEALE2_4124_raw	0.998926575	0.580428356	0.988	0.6517	1.1954
402	FINNGEN_R6_K11_DIVERTIC	1.009653467	0.054299137	1.0793	0.0552	0.9961
402	GCST90038682	0.939136609	0.054299137	0.9232	0.0552	0.9961
402	NEALE2_20002_1458	0.947113364	0.054299137	0.9366	0.0552	0.9961
402	SAIGE_562	0.992650573	0.054299137	1.0027	0.0552	0.9961
402	SAIGE_562_1	0.99272092	0.054299137	1.0036	0.0552	0.9961
403	GCST004988	1	0.225529762	1.0002	0.2201	1.0941
403	SAIGE_174	1	0.225529762	1.0022	0.2201	1.0941
405	GCST004131	0.973107773	0.411619188	0.2149	0.085	0.8462
405	GCST004132	0.98694325	0.411619188	-0.1736	0.085	0.8462
407	NEALE2_5254_raw	0.9960323	0.159337662	0.9957	0.159	1.0556
407	NEALE2_5262_raw	0.996496566	0.159337662	0.997	0.159	1.0556
408	NEALE2_20110_12	1	0.021174014	1.003	0.0214	1.0023
408	NEALE2_20111_12	1	0.021174014	1.003	0.0214	1.0023
409	SAIGE_574	1	0.018199698	1.0015	0.0182	1.0345
409	SAIGE_574_1	1	0.018199698	1.0021	0.0182	1.0345
410	GCST007429	0.997881927	0.249883311	0.6394	0.0062	0.8946
410	GCST90025998	0.998625135	0.249883311	0.5327	0.0062	0.8946
411	NEALE2_23106_raw	0.980590399	0.237526215	0.9805	0.2364	1.2071
411	NEALE2_23109_raw	0.991630909	0.237526215	0.9917	0.2364	1.2071
411	NEALE2_23110_raw	0.993221739	0.237526215	0.9932	0.2364	1.2071
413	GCST90038651	0.947187195	0.038186126	0.9496	0.038	0.9906
413	NEALE2_20544_15	0.998469172	0.038186126	0.9982	0.038	0.9906
415	SAIGE_530_11	1	0.02274	1.0095	0.0229	1.0213
415	SAIGE_535	1	0.02274	1.0027	0.0229	1.0213
421	NEALE2_6179_1	-0.988446526	0.031648937	-0.9884	0.0316	1.0422
421	NEALE2_6179_100	0.991207322	0.031648937	0.9912	0.0316	1.0422
429	NEALE2_1150_1	0.979285117	0.025228398	0.1998	0.0092	0.7631
429	NEALE2_1150_2	-0.98530079	0.025228398	0.1715	0.0092	0.7631
43	GCST004602	0.989689436	0.499029133	0.9862	0.6008	1.3123
43	GCST004630	0.986795828	0.499029133	0.9858	0.6008	1.3123
43	GCST90002322	0.98877752	0.499029133	0.9886	0.6008	1.3123
43	GCST90002334	0.986808194	0.499029133	0.9869	0.6008	1.3123
43	GCST90002390	0.990606399	0.499029133	0.9903	0.6008	1.3123
43	GCST90002392	0.992472157	0.499029133	0.9927	0.6008	1.3123
43	GCST90025962	0.987903753	0.499029133	0.9899	0.6008	1.3123
43	GCST90025963	0.98871482	0.499029133	0.9912	0.6008	1.3123
43	NEALE2_30040_raw	0.987204076	0.499029133	0.9879	0.6008	1.3123
43	NEALE2_30050_raw	0.982556891	0.499029133	0.9827	0.6008	1.3123
44	FINNGEN_R6_M13_ARTHROSIS_KNEE	1.014741895	0.139817919	0.9928	0.1431	0.9874
44	FINNGEN_R6_M13_ARTHROSIS_OTH	0.960332224	0.139817919	0.9493	0.1431	0.9874
44	FINNGEN_R6_M13_KNEEDERANGEMENTS	0.923548452	0.139817919	0.899	0.1431	0.9874
44	FINNGEN_R6_M13_OTHERJOINT	0.950470274	0.139817919	0.9199	0.1431	0.9874
44	FINNGEN_R6_OPER_ARTIF_JOINT_MENISC_RESECT	0.967679018	0.139817919	0.9643	0.1431	0.9874
44	GCST005812	0.973597328	0.139817919	0.9975	0.1431	0.9874
44	GCST007092	0.942028484	0.139817919	0.9354	0.1431	0.9874
44	SAIGE_716	0.991906009	0.139817919	0.9837	0.1431	0.9874
44	SAIGE_740_11	0.962937594	0.139817919	0.9836	0.1431	0.9874
44	SAIGE_835	0.885001753	0.139817919	0.8906	0.1431	0.9874
443	NEALE2_20506	0.967699177	0.057539071	0.9655	0.0572	1.0727
443	NEALE2_20509	0.982912701	0.057539071	0.9823	0.0572	1.0727
443	NEALE2_20512	0.974499021	0.057539071	0.9775	0.0572	1.0727
443	NEALE2_20520	0.996744003	0.057539071	0.9953	0.0572	1.0727
447	GCST90012857	0.996146336	0.033432969	0.0761	0.0023	0.8197
447	NEALE2_2296	0.997338335	0.033432969	-0.0904	0.0023	0.8197
455	GCST004632	1.000589968	0.209219624	0.9981	0.2069	1.1866
455	GCST90002389	0.998738526	0.209219624	0.9986	0.2069	1.1866
455	NEALE2_30180_raw	0.998054545	0.209219624	0.9985	0.2069	1.1866
47	NEALE2_3143_raw	0.997772598	0.472570305	0.9973	0.4641	1.0357
47	NEALE2_4119_raw	0.997872094	0.472570305	0.9987	0.4641	1.0357
473	NEALE2_806	0.993143924	0.097209642	0.1341	0.0057	0.8958
473	NEALE2_816	0.993854201	0.097209642	-0.0981	0.0057	0.8958
479	GCST90002380	0.994638902	0.056466057	-0.159	0.0027	0.9122
479	NEALE2_30220_raw	0.982907242	0.056466057	0.126	0.0027	0.9122
68	GCST90038652	0.995695335	0.015270422	0.9974	0.0151	1.0416
68	GCST90038656	0.996043714	0.015270422	0.9995	0.0151	1.0416
68	NEALE2_20002_1309	1.00192908	0.015270422	1.0077	0.0151	1.0416